(-0.134,0.392,10.017,0,0,0,0,0,0,100,48.4528,17.75647,134.6,0)

(-0.095,0.392,10.027,0,0,0,0,0,0,100,48.4528,17.75647,134.6,0)

(-0.009,0.44,10.103,0,0,0,0,0,0,100,48.4528,17.75647,134.6,0)

(-0.095,0.43,10.036,0,0,0,0,0,0,100,48.4528,17.75647,134.6,0)

(-0.038,0.44,10.065,0,0,0,0,0,0,100,48.4528,17.75647,134.6,0)

(-0.047,0.44,10.094,0,0,0,0,0,0,100,48.4528,17.75647,134.6,0)

(-0.047,0.383,10.113,0,0,0,0,0,0,100,48.4528,17.75647,134.6,0)

(-0.076,0.402,10.017,0,0,0,0,0,0,100,48.4527,17.75634,152.8,0)

(-0.095,0.421,10.065,0,0,0,0,0,0,100,48.4527,17.75634,152.8,0)

(-0.057,0.383,10.036,0,0,0,0,0,0,100,48.4527,17.75634,152.8,0)

(-0.038,0.43,9.998,0,0,0,0,0,0,100,48.4527,17.75634,152.8,0)

(-0.038,0.421,10.027,0,0,0,0,0,0,100,48.4527,17.75634,152.8,0)

(0.009,0.421,10.075,0,0,0,0,0,0,100,48.4527,17.75634,152.8,0)

(-0.047,0.392,10.027,0,0,0,0,0,0,100,48.4527,17.75634,152.8,0)

(-0.057,0.411,9.998,0,0,0,0,0,0,100,48.4527,17.75634,152.8,0)

(-0.057,0.411,10.036,0,0,0,0,0,0,100,48.4527,17.75634,152.8,0)

(-0.019,0.373,10.027,0,0,0,0,0,0,100,48.4527,17.75634,152.8,0)

(-0.105,0.411,10.065,0,0,0,0,0,0,100,48.4527,17.75634,152.8,0)

(-0.067,0.43,10.036,0,0,0,0,0,0,100,48.4527,17.75634,152.8,0)

(-0.038,0.44,10.036,0,0,0,0,0,0,100,48.4527,17.75634,152.8,0)

(-0.047,0.373,9.998,0,0,0,0,0,0,100,48.4527,17.75634,152.8,0)

(-0.028,0.373,10.056,0,0,0,0,0,0,100,48.4527,17.75634,152.8,0)

(-0.028,0.459,10.103,0,0,0,0,0,0,100,48.4527,17.75634,152.8,0)

(-0.047,0.392,10.056,0,0,0,0,0,0,100,48.4527,17.75634,152.8,0)

(-0.009,0.411,10.075,0,0,0,0,0,0,100,48.4527,17.75634,152.8,0)

(-2.288,1.197,9.96,0,0,0,0,0,0,100,48.45279,17.75635,151.5,0)

(-1.407,0.488,9.816,0,0,0,0,0,0,100,48.45279,17.75635,151.5,0)

(-0.114,0.411,10.046,0,0,0,0,0,0,100,48.45279,17.75635,151.5,0)

(-0.162,0.344,10.103,0,0,0,0,0,0,100,48.45279,17.75635,151.5,0)

(7.498,4.558,-5.439,0,0,0,0,0,0,100,48.45279,17.75635,151.5,0)

(8.552,3.112,-9.251,0,0,0,0,0,0,100,48.45271,17.75637,135.3,0)

(-1.618,-0.057,10.237,0,0,0,0,0,0,100,48.45271,17.75637,135.3,0)

(-0.507,0.105,10.075,0,0,0,0,0,0,100,48.45271,17.75637,135.3,0)

(-0.124,0.306,10.113,0,0,0,0,0,0,100,48.45271,17.75637,135.3,0)

(-0.067,0.344,10.008,0,0,0,0,0,0,100,48.45271,17.75637,135.3,0)

(0.009,0.45,9.912,0,0,0,0,0,0,100,48.45271,17.75637,135.3,0)

(-0.134,0.335,10.094,0,0,0,0,0,0,100,48.45271,17.75637,135.3,0)

(-0.162,0.354,10.075,0,0,0,0,0,0,100,48.45271,17.75637,135.3,0)

(-0.067,0.363,9.988,0,0,0,0,0,0,100,48.45271,17.75637,135.3,0)

(-0.162,0.277,10.008,0,0,0,0,0,0,100,48.45271,17.75637,135.3,0)

(-0.134,0.316,10.084,0,0,0,0,0,0,100,48.45271,17.75637,135.3,0)

(-0.134,0.392,10.046,0,0,0,0,0,0,100,48.45271,17.75637,135.3,0)

(-0.134,0.354,10.008,0,0,0,0,0,0,100,48.45271,17.75637,135.3,0)

(-0.105,0.296,10.161,0,0,0,0,0,0,100,48.45271,17.75637,135.3,0)

(-0.105,0.363,10.075,0,0,0,0,0,0,100,48.45271,17.75637,135.3,0)

(-0.124,0.306,9.988,0,0,0,0,0,0,100,48.45271,17.75637,135.3,0)

(-0.105,0.421,10.075,0,0,0,0,0,0,100,48.45281,17.75659,131.6,0)

(-0.067,0.392,10.056,0,0,0,0,0,0,100,48.45281,17.75659,131.6,0)

(-0.076,0.383,10.046,0,0,0,0,0,0,100,48.45281,17.75659,131.6,0)

(-0.134,0.325,10.075,0,0,0,0,0,0,100,48.45281,17.75659,131.6,0)

(-0.076,0.373,10.199,0,0,0,0,0,0,100,48.45281,17.75659,131.6,0)

(-0.047,0.392,10.008,0,0,0,0,0,0,100,48.45281,17.75659,131.6,0)

(-0.067,0.335,10.056,0,0,0,0,0,0,100,48.45281,17.75659,131.6,0)

(-0.076,0.363,10.075,0,0,0,0,0,0,100,48.45281,17.75659,131.6,0)

(-0.124,0.316,10.056,0,0,0,0,0,0,100,48.45281,17.75659,131.6,0)

(-0.086,0.392,10.036,0,0,0,0,0,0,100,48.45281,17.75659,131.6,0)

(-0.105,0.392,10.065,0,0,0,0,0,0,100,48.45281,17.75659,131.6,0)

(-0.067,0.296,10.084,0,0,0,0,0,0,100,48.45281,17.75659,131.6,0)

(-0.057,0.373,10.075,0,0,0,0,0,0,100,48.45281,17.75659,131.6,0)

(-0.124,0.383,10.103,0,0,0,0,0,0,100,48.45281,17.75659,131.6,0)

(-0.095,0.392,10.075,0,0,0,0,0,0,100,48.45281,17.75659,131.6,0)

(-0.095,0.411,10.084,0,0,0,0,0,0,100,48.45281,17.75659,131.6,0)

(-0.057,0.344,10.075,0,0,0,0,0,0,100,48.45281,17.75659,131.6,0)

(-0.124,0.354,10.036,0,0,0,0,0,0,100,48.45281,17.75659,131.6,0)

(-0.095,0.373,10.065,0,0,0,0,0,0,100,48.45281,17.75659,131.6,0)

(-0.057,0.325,10.094,0,0,0,0,0,0,100,48.45281,17.75659,131.6,0)

(-0.086,0.335,10.036,0,0,0,0,0,0,100,48.45278,17.75639,159.6,0)

(-0.086,0.335,10.113,0,0,0,0,0,0,100,48.45278,17.75639,159.6,0)

(-0.067,0.363,10.084,0,0,0,0,0,0,100,48.45278,17.75639,159.6,0)

(-0.114,0.383,10.046,0,0,0,0,0,0,100,48.45278,17.75639,159.6,0)

(-0.067,0.373,10.065,0,0,0,0,0,0,100,48.45278,17.75639,159.6,0)

(-0.143,0.392,10.094,0,0,0,0,0,0,100,48.45278,17.75639,159.6,0)

(-0.143,0.354,10.036,0,0,0,0,0,0,100,48.45278,17.75639,159.6,0)

(-0.105,0.363,10.075,0,0,0,0,0,0,100,48.45278,17.75639,159.6,0)

(-0.105,0.325,10.046,0,0,0,0,0,0,100,48.45278,17.75639,159.6,0)

(-0.124,0.316,10.276,0,0,0,0,0,0,100,48.45278,17.75639,159.6,0)

(-0.076,0.354,10.103,0,0,0,0,0,0,100,48.45278,17.75639,159.6,0)

(-0.076,0.335,10.123,0,0,0,0,0,0,100,48.45278,17.75639,159.6,0)

(-0.124,0.373,10.065,0,0,0,0,0,0,100,48.45278,17.75639,159.6,0)

(-0.057,0.335,10.056,0,0,0,0,0,0,100,48.45278,17.75639,159.6,0)

(-0.114,0.344,10.027,0,0,0,0,0,0,100,48.45278,17.75639,159.6,0)

(-0.153,0.344,10.103,0,0,0,0,0,0,100,48.45278,17.75639,159.6,0)

(-0.134,0.344,10.084,0,0,0,0,0,0,100,48.45278,17.75639,159.6,0)

(-0.114,0.354,10.084,0,0,0,0,0,0,100,48.45278,17.75639,159.6,0)

(-0.086,0.392,10.075,0,0,0,0,0,0,100,48.45278,17.75639,159.6,0)

(-0.114,0.306,10.123,0,0,0,0,0,0,100,48.45278,17.75639,159.6,0)

(-0.114,0.354,10.056,0,0,0,0,0,0,100,48.45278,17.75639,159.6,0)

(-0.095,0.363,10.084,0,0,0,0,0,0,100,48.45278,17.75639,159.6,0)

(-0.124,0.316,9.988,0,0,0,0,0,0,100,48.45278,17.75639,159.6,0)

(-0.086,0.335,10.036,0,0,0,0,0,0,100,48.45278,17.75639,159.6,0)

(-0.114,0.354,10.008,0,0,0,0,0,0,100,48.45278,17.75639,159.6,0)

(-0.095,0.392,10.036,0,0,0,0,0,0,100,48.45278,17.75639,159.6,0)

(-0.143,0.354,10.036,0,0,0,0,0,0,100,48.45278,17.75639,159.6,0)

(-0.114,0.392,10.036,0,0,0,0,0,0,100,48.45278,17.75639,159.6,0)

(4.597,-3.208,10.123,0,0,0,0,0,0,100,48.45278,17.75639,159.6,0)

(-3.687,-2.384,9.519,0,0,0,0,0,0,100,48.45278,17.75639,159.6,0)

(3.15,7.288,-4.424,0,0,0,0,0,0,100,48.45278,17.75639,159.6,0)

(-0.555,-1.13,10.305,0,0,0,0,0,0,100,48.45278,17.75639,159.6,0)

(0.699,0.526,9.653,0,0,0,0,0,0,100,48.45278,17.75639,159.6,0)

(-0.095,0.325,10.027,0,0,0,0,0,0,100,48.45278,17.75639,159.6,0)

(-0.114,0.325,10.027,0,0,0,0,0,0,100,48.45275,17.75645,152,0)

(-0.047,0.354,10.027,0,0,0,0,0,0,100,48.45275,17.75645,152,0)

(-0.181,0.402,10.084,0,0,0,0,0,0,100,48.45275,17.75645,152,0)

(-0.162,0.373,10.056,0,0,0,0,0,0,100,48.45275,17.75645,152,0)

(-0.153,0.335,9.988,0,0,0,0,0,0,100,48.45275,17.75645,152,0)

(-0.019,0.373,10.065,0,0,0,0,0,0,100,48.45275,17.75645,152,0)

(-0.143,0.344,10.065,0,0,0,0,0,0,100,48.45275,17.75645,152,0)

(-0.076,0.354,10.094,0,0,0,0,0,0,100,48.45275,17.75645,152,0)

(-0.124,0.335,10.103,0,0,0,0,0,0,100,48.45275,17.75645,152,0)

(-0.114,0.316,10.132,0,0,0,0,0,0,100,48.45275,17.75645,152,0)

(-0.105,0.325,10.084,0,0,0,0,0,0,100,48.45275,17.75645,152,0)

(-0.114,0.316,10.075,0,0,0,0,0,0,100,48.45275,17.75645,152,0)

(-0.086,0.411,10.017,0,0,0,0,0,0,100,48.45275,17.75645,152,0)

(-0.114,0.421,10.094,0,0,0,0,0,0,100,48.45275,17.75645,152,0)

(-0.114,0.373,9.998,0,0,0,0,0,0,100,48.45275,17.75645,152,0)

(-0.076,0.354,10.123,0,0,0,0,0,0,100,48.45275,17.75645,152,0)

(-0.057,0.296,10.103,0,0,0,0,0,0,100,48.45275,17.75645,152,0)

(-0.134,0.335,10.027,0,0,0,0,0,0,100,48.45275,17.75645,152,0)

(-0.134,0.306,10.036,0,0,0,0,0,0,100,48.45275,17.75645,152,0)

(-0.162,0.363,10.094,0,0,0,0,0,0,100,48.45275,17.75645,152,0)

(-0.124,0.373,10.084,0,0,0,0,0,0,100,48.45275,17.75645,152,0)

(-0.105,0.325,10.084,0,0,0,0,0,0,100,48.45275,17.75645,152,0)

(-0.095,0.373,10.075,0,0,0,0,0,0,100,48.45275,17.75645,152,0)

(-0.095,0.354,10.017,0,0,0,0,0,0,100,48.45275,17.75645,152,0)

(-0.153,0.344,10.036,0,0,0,0,0,0,100,48.45275,17.75645,152,0)

(-0.076,0.373,10.008,0,0,0,0,0,0,100,48.45275,17.75645,152,0)

(-0.067,0.354,10.065,0,0,0,0,0,0,100,48.45275,17.75645,152,0)

(-0.067,0.316,10.065,0,0,0,0,0,0,100,48.45275,17.75645,152,0)

(-0.105,0.402,10.036,0,0,0,0,0,0,100,48.45275,17.75645,152,0)

(-0.095,0.373,10.036,0,0,0,0,0,0,100,48.45275,17.75645,152,0)

(-0.067,0.344,10.094,0,0,0,0,0,0,100,48.45275,17.75645,152,0)

(-0.143,0.363,10.075,0,0,0,0,0,0,100,48.45275,17.75645,152,0)

(-0.105,0.373,10.046,0,0,0,0,0,0,100,48.45275,17.75645,152,0)

(-0.086,0.344,10.036,0,0,0,0,0,0,100,48.45275,17.75645,152,0)

(-0.095,0.354,10.046,0,0,0,0,0,0,100,48.45275,17.75645,152,0)

(-0.105,0.325,10.103,0,0,0,0,0,0,100,48.45282,17.75645,145,0)

(-0.143,0.363,10.017,0,0,0,0,0,0,100,48.45282,17.75645,145,0)

(-0.134,0.354,10.19,0,0,0,0,0,0,100,48.45282,17.75645,145,0)

(-0.153,0.373,10.065,0,0,0,0,0,0,100,48.45282,17.75645,145,0)

(-0.143,0.344,10.046,0,0,0,0,0,0,100,48.45282,17.75645,145,0)

(-0.124,0.325,9.988,0,0,0,0,0,0,100,48.45282,17.75645,145,0)

(-0.105,0.363,10.065,0,0,0,0,0,0,100,48.45282,17.75645,145,0)

(-0.114,0.316,10.142,0,0,0,0,0,0,100,48.45282,17.75645,145,0)

(-0.086,0.363,10.036,0,0,0,0,0,0,100,48.45282,17.75645,145,0)

(-0.124,0.373,10.065,0,0,0,0,0,0,100,48.45282,17.75645,145,0)

(-0.114,0.306,10.056,0,0,0,0,0,0,100,48.45282,17.75645,145,0)

(-0.028,0.363,10.008,0,0,0,0,0,0,100,48.45282,17.75645,145,0)

(-0.105,0.392,10.056,0,0,0,0,0,0,100,48.45282,17.75645,145,0)

(-0.124,0.354,10.017,0,0,0,0,0,0,100,48.45282,17.75645,145,0)

(-0.067,0.325,10.103,0,0,0,0,0,0,100,48.45282,17.75645,145,0)

(-0.134,0.363,10.113,0,0,0,0,0,0,100,48.45282,17.75645,145,0)

(-0.191,0.373,10.027,0,0,0,0,0,0,100,48.45282,17.75645,145,0)

(-0.134,0.354,9.988,0,0,0,0,0,0,100,48.45281,17.75627,140.4,0.07103)

(-0.143,0.373,10.017,0,0,0,0,0,0,100,48.45281,17.75627,140.4,0.07103)

(-0.162,0.306,10.036,0,0,0,0,0,0,100,48.45281,17.75627,140.4,0.07103)

(-0.134,0.344,10.056,0,0,0,0,0,0,100,48.45281,17.75627,140.4,0.07103)

(-0.134,0.383,10.027,0,0,0,0,0,0,100,48.45281,17.75627,140.4,0.07103)

(-0.143,0.344,10.027,0,0,0,0,0,0,100,48.45281,17.75627,140.4,0.07103)

(-0.105,0.335,10.084,0,0,0,0,0,0,100,48.45281,17.75627,140.4,0.07103)

(-0.143,0.363,10.036,0,0,0,0,0,0,100,48.45281,17.75627,140.4,0.07103)

(-0.134,0.383,10.065,0,0,0,0,0,0,100,48.45281,17.75627,140.4,0.07103)

(-0.076,0.363,10.075,0,0,0,0,0,0,100,48.45281,17.75627,140.4,0.07103)

(-0.114,0.411,10.008,0,0,0,0,0,0,100,48.45281,17.75627,140.4,0.07103)

(-0.105,0.335,10.008,0,0,0,0,0,0,100,48.45281,17.75627,140.4,0.07103)

(-0.124,0.316,10.065,0,0,0,0,0,0,100,48.45281,17.75627,140.4,0.07103)

(-0.124,0.363,10.017,0,0,0,0,0,0,100,48.45281,17.75627,140.4,0.07103)

(-0.105,0.325,10.199,0,0,0,0,0,0,100,48.45281,17.75627,140.4,0.07103)

(-0.124,0.392,10.094,0,0,0,0,0,0,100,48.45274,17.75625,142.9,0)

(-0.057,0.354,10.084,0,0,0,0,0,0,100,48.45274,17.75625,142.9,0)

(-0.172,0.363,10.056,0,0,0,0,0,0,100,48.45274,17.75625,142.9,0)

(-0.172,0.373,10.008,0,0,0,0,0,0,100,48.45274,17.75625,142.9,0)

(-0.105,0.344,10.046,0,0,0,0,0,0,100,48.45274,17.75625,142.9,0)

(-0.086,0.383,10.017,0,0,0,0,0,0,100,48.45274,17.75625,142.9,0)

(-0.134,0.363,10.046,0,0,0,0,0,0,100,48.45274,17.75625,142.9,0)

(-0.162,0.344,10.084,0,0,0,0,0,0,100,48.45274,17.75625,142.9,0)

(-0.162,0.325,10.056,0,0,0,0,0,0,100,48.45274,17.75625,142.9,0)

(-0.162,0.277,10.036,0,0,0,0,0,0,100,48.45274,17.75625,142.9,0)

(-0.114,0.392,10.027,0,0,0,0,0,0,100,48.45272,17.75629,141.4,0)

(-0.134,0.392,10.123,0,0,0,0,0,0,100,48.45272,17.75629,141.4,0)

(-0.124,0.344,10.075,0,0,0,0,0,0,100,48.45272,17.75629,141.4,0)

(-0.057,0.402,10.046,0,0,0,0,0,0,100,48.45272,17.75629,141.4,0)

(-0.153,0.363,10.056,0,0,0,0,0,0,100,48.45275,17.75636,138.6,0)

(-0.095,0.354,9.998,0,0,0,0,0,0,100,48.45275,17.75636,138.6,0)

(-0.047,0.392,10.056,0,0,0,0,0,0,100,48.45275,17.75636,138.6,0)

(-0.143,0.383,10.027,0,0,0,0,0,0,100,48.45275,17.75636,138.6,0)

(-0.047,0.421,10.103,0,0,0,0,0,0,100,48.45275,17.75636,138.6,0)

(-0.047,0.411,10.056,0,0,0,0,0,0,100,48.45275,17.75636,138.6,0)

(-0.105,0.373,10.027,0,0,0,0,0,0,100,48.45275,17.75636,138.6,0)

(-0.114,0.373,10.027,0,0,0,0,0,0,100,48.45275,17.75636,138.6,0)

(-0.105,0.363,10.046,0,0,0,0,0,0,100,48.45275,17.75636,138.6,0)

(0.181,0.421,10.046,0,0,0,0,0,0,100,48.45281,17.75638,141.3,0)

(0.162,0.402,10.065,0,0,0,0,0,0,100,48.45281,17.75638,141.3,0)

(0.201,0.392,10.056,0,0,0,0,0,0,100,48.45281,17.75638,141.3,0)

(0.181,0.411,10.103,0,0,0,0,0,0,100,48.45281,17.75638,141.3,0)

(0.143,0.383,10.036,0,0,0,0,0,0,100,48.45281,17.75638,141.3,0)

(0.21,0.354,10.065,0,0,0,0,0,0,100,48.45281,17.75638,141.3,0)

(0.181,0.392,10.027,0,0,0,0,0,0,100,48.45281,17.75638,141.3,0)

(0.153,0.411,10.036,0,0,0,0,0,0,100,48.45281,17.75638,141.3,0)

(0.172,0.411,10.008,0,0,0,0,0,0,100,48.45281,17.75638,141.3,0)

(0.124,0.383,10.008,0,0,0,0,0,0,100,48.45281,17.75638,141.3,0)

(0.21,0.392,10.075,0,0,0,0,0,0,100,48.45281,17.75638,141.3,0)

(0.21,0.44,10.084,0,0,0,0,0,0,100,48.45281,17.75638,141.3,0)

(0.172,0.43,10.103,0,0,0,0,0,0,100,48.45281,17.75638,141.3,0)

(0.201,0.383,10.017,0,0,0,0,0,0,100,48.45281,17.75638,141.3,0)

(0.172,0.402,10.084,0,0,0,0,0,0,100,48.45281,17.75638,141.3,0)

(0.162,0.373,10.036,0,0,0,0,0,0,100,48.45281,17.75638,141.3,0)

(0.229,0.411,10.027,0,0,0,0,0,0,100,48.45281,17.75638,141.3,0)

(0.181,0.402,10.065,0,0,0,0,0,0,100,48.45281,17.75638,141.3,0)

(0.162,0.335,10.075,0,0,0,0,0,0,100,48.45281,17.75638,141.3,0)

(0.143,0.354,10.036,0,0,0,0,0,0,100,48.45281,17.75638,141.3,0)

(0.191,0.383,10.036,0,0,0,0,0,0,100,48.45281,17.75638,141.3,0)

(0.134,0.421,10.056,0,0,0,0,0,0,100,48.45281,17.75638,141.3,0)

(0.143,0.383,10.056,0,0,0,0,0,0,100,48.45281,17.75638,141.3,0)

(0.153,0.402,10.027,0,0,0,0,0,0,100,48.45281,17.75638,141.3,0)

(0.201,0.421,10.036,0,0,0,0,0,0,100,48.45281,17.75638,141.3,0)

(0.181,0.459,10.084,0,0,0,0,0,0,100,48.45281,17.75638,141.3,0)

(0.172,0.354,10.065,0,0,0,0,0,0,100,48.45281,17.75638,141.3,0)

